image_width: 640
image_height: 480
camera_name: camera_link
camera_matrix:
  rows: 3
  cols: 3
  data: [637.843779, 0.000000, 330.762824, 0.000000, 639.090495, 213.942600, 0.000000, 0.000000, 1.000000]
distortion_model: plumb_bob
distortion_coefficients:
  rows: 1
  cols: 5
  data: [0.019503, -0.080998, -0.003560, 0.002646, 0.000000]
rectification_matrix:
  rows: 3
  cols: 3
  data: [1.000000, 0.000000, 0.000000, 0.000000, 1.000000, 0.000000, 0.000000, 0.000000, 1.000000]
projection_matrix:
  rows: 3
  cols: 4
  data: [636.824036, 0.000000, 331.704718, 0.000000, 0.000000, 638.574585, 212.313838, 0.000000, 0.000000, 0.000000, 1.000000, 0.000000]
