image_width: 1280
image_height: 720
camera_name: camera_link
camera_matrix:
  rows: 3
  cols: 3
  data: [939.095978, 0.000000, 634.479126, 0.000000, 942.751974, 351.195239, 0.000000, 0.000000, 1.000000]
distortion_model: plumb_bob
distortion_coefficients:
  rows: 1
  cols: 5
  data: [0.021917, -0.086843, 0.000398, -0.004372, 0.000000]
rectification_matrix:
  rows: 3
  cols: 3
  data: [1.000000, 0.000000, 0.000000, 0.000000, 1.000000, 0.000000, 0.000000, 0.000000, 1.000000]
projection_matrix:
  rows: 3
  cols: 4
  data: [929.465454, 0.000000, 627.465645, 0.000000, 0.000000, 944.122620, 350.855635, 0.000000, 0.000000, 0.000000, 1.000000, 0.000000]
